10
5
4 5 1 2 3
9
40 50 60 1 21 22 23 25 30
3
1 50 60
1
1
2
1 2
2
2 1
4
4 3 2 1
4
1 2 3 4
42
335 359 383 392 422 437 448 465 468 479 492 501 539 605 668 704 706 717 719 725 727 772 812 828 870 895 896 903 913 943 962 963 996 36 146 154 170 282 293 300 323 334
326
784 787 789 791 813 814 815 816 817 819 825 826 827 830 832 839 842 844 848 851 854 856 859 865 866 868 870 871 876 878 879 882 886 889 894 899 902 903 904 910 914 924 933 935 937 938 939 942 944 945 946 949 950 952 955 956 957 960 962 963 965 970 971 972 975 976 978 986 991 993 994 995 998 2 4 9 11 12 16 18 26 28 29 36 37 38 39 40 41 45 50 51 59 61 68 72 73 74 76 78 81 83 85 86 88 89 91 94 99 104 110 111 113 114 116 117 118 125 130 132 133 142 143 146 147 149 153 154 156 165 169 170 172 174 175 177 182 185 186 187 193 194 197 201 206 213 214 216 221 222 225 227 231 233 234 235 241 246 248 250 257 258 259 260 263 265 270 280 283 288 289 290 293 296 297 301 304 310 314 315 318 319 324 331 334 336 343 348 354 356 360 362 364 370 376 381 393 399 403 405 406 410 411 412 414 417 422 423 424 425 427 429 430 431 444 453 455 462 463 464 468 473 483 485 489 490 494 497 498 499 504 505 509 516 517 520 528 529 535 537 540 541 542 543 544 546 547 549 550 556 557 562 566 571 585 589 590 592 599 601 602 605 606 607 609 611 612 620 621 626 627 628 630 635 638 642 644 649 651 652 653 654 663 664 667 668 671 674 675 677 679 680 682 684 686 687 690 691 694 696 699 701 702 705 706 707 711 713 723 724 727 735 737 741 749 751 753 759 760 764 767 770 775 776 779 782