500
22
96 130 218 284 321 385 391 457 463 476 556 605 617 666 764 823 889 919 923 940 945 1007
32
71 147 157 225 322 394 457 507 574 670 759 843 928 932 1021 1023 1032 1085 1166 1223 1287 1368 1423 1497 1543 1579 1657 1720 1760 1851 1917 1980
10
27 57 119 217 261 324 388 427 431 479
23
7 95 171 187 280 336 408 416 504 582 664 698 764 775 823 828 829 894 913 931 1023 1123 1154
29
43 88 93 127 175 179 187 242 285 369 391 426 517 562 605 684 707 783 847 935 973 1036 1080 1118 1145 1208 1215 1285 1347
5
59 116 149 164 254
21
18 115 202 214 246 254 301 324 376 417 470 496 564 632 697 702 732 793 887 895 970
24
78 166 254 342 386 406 408 441 493 564 646 736 818 831 880 960 1047 1048 1120 1159 1237 1276 1282 1325
27
87 90 178 273 302 389 461 477 503 562 622 720 732 824 825 907 980 1071 1086 1124 1163 1210 1234 1325 1343 1406 1427
21
20 83 86 145 162 253 306 351 380 456 468 475 561 632 688 737 752 808 890 929 1027
20
76 113 207 307 386 398 412 511 583 668 681 707 750 831 847 894 971 1068 1142 1231
27
11 22 32 91 116 181 221 285 348 384 423 474 555 645 726 770 773 853 868 908 952 993 1075 1152 1160 1241 1246
32
6 99 109 126 130 149 224 304 388 403 446 544 546 628 728 810 833 913 939 965 976 1016 1081 1088 1120 1218 1301 1341 1419 1506 1553 1589
16
57 109 196 271 297 363 373 413 422 481 522 564 622 697 761 799
28
41 141 232 237 243 318 373 461 527 611 638 650 669 727 795 865 909 1004 1100 1109 1165 1252 1321 1336 1416 1426 1498 1552
22
61 66 132 193 288 359 425 446 471 477 563 571 603 653 680 721 738 786 870 933 976 1020
19
30 43 76 85 159 215 229 328 345 363 428 457 521 608 654 739 802 853 875
18
34 105 153 227 267 363 372 374 464 517 537 608 625 629 708 798 858 902
9
28 89 94 150 175 266 267 328 381
28
34 108 145 150 224 235 279 300 319 416 426 449 518 599 638 710 721 750 833 888 957 967 1034 1059 1124 1215 1230 1248
3
19 40 77
28
57 150 167 234 322 359 397 481 580 640 692 723 822 898 939 1018 1076 1123 1222 1290 1304 1327 1411 1467 1556 1557 1616 1623
29
47 97 127 166 185 281 307 314 399 460 465 510 575 610 705 745 773 798 847 921 944 1012 1099 1196 1248 1291 1376 1380 1433
19
77 176 268 274 363 373 426 440 509 547 573 646 680 770 830 910 939 1026 1082
2
60 90
21
99 125 173 266 328 332 377 381 461 556 651 736 819 876 965 1013 1038 1064 1137 1186 1197
7
8 50 93 187 284 356 362
18
69 125 128 196 244 308 379 471 538 588 674 688 774 794 816 891 910 956
32
91 137 152 157 211 267 367 466 519 542 598 628 671 682 715 726 784 832 865 866 881 916 954 982 1002 1059 1108 1154 1229 1275 1373 1391
23
64 138 234 253 326 373 396 444 498 503 593 658 695 747 769 805 890 965 1015 1034 1046 1075 1165
5
29 117 212 286 323
12
17 117 155 219 237 299 361 454 515 531 628 679
32
85 139 144 164 202 281 351 359 450 548 598 609 688 725 782 834 907 928 948 1020 1030 1066 1107 1130 1179 1212 1296 1360 1441 1527 1622 1687
23
100 185 214 244 250 286 306 361 398 428 461 534 621 658 755 814 822 842 910 953 966 1056 1148
17
73 80 158 216 270 312 361 366 444 521 555 590 654 708 798 799 834
26
25 98 160 234 265 335 428 526 538 543 583 638 640 652 666 745 767 786 858 880 903 905 1003 1011 1047 1108
1
77
9
48 51 141 213 277 340 343 376 431
32
97 109 200 203 216 271 339 382 410 496 510 559 619 686 732 800 803 861 893 924 947 978 1011 1023 1026 1075 1149 1206 1287 1367 1375 1404
15
99 183 186 239 290 387 467 504 515 543 591 620 645 712 743
30
99 113 169 250 348 415 498 544 636 675 754 826 873 932 946 1043 1085 1102 1151 1244 1257 1337 1418 1493 1500 1528 1532 1563 1658 1744
8
45 96 168 193 194 232 292 390
10
98 174 227 323 410 476 568 596 630 722
8
99 170 222 247 276 308 388 399
2
66 141
2
68 114
10
68 103 160 226 242 249 342 362 416 495
26
46 105 176 265 295 316 376 410 456 544 561 586 685 779 821 846 913 923 945 961 1038 1046 1119 1161 1185 1216
7
43 127 192 272 353 376 379
22
5 28 109 199 267 335 393 438 456 507 593 687 756 851 918 1002 1026 1101 1109 1174 1224 1262
15
44 66 134 158 160 202 280 351 449 549 552 591 611 634 730
16
40 138 187 273 339 435 487 489 508 534 543 626 701 800 886 905
4
5 99 172 218
3
96 140 162
2
82 123
4
30 86 146 173
13
97 142 194 242 288 358 384 390 394 494 498 539 609
7
45 60 156 247 332 423 509
7
40 59 110 170 218 225 296
23
63 130 201 267 281 297 332 423 496 534 625 702 781 793 844 867 894 992 1057 1120 1160 1162 1183
16
73 97 136 156 238 247 345 441 468 536 597 689 772 867 950 1006
12
25 109 171 207 241 326 388 420 421 498 521 524
25
2 29 101 193 291 344 444 540 588 666 729 737 807 905 907 959 1012 1098 1174 1262 1309 1372 1393 1476 1501
12
36 37 64 154 203 283 299 372 444 457 482 505
20
73 74 145 177 247 315 349 370 442 513 561 620 689 699 730 782 868 955 1042 1080
17
76 115 159 202 213 228 283 318 408 471 530 620 705 796 855 907 983
3
75 121 151
1
14
31
67 84 161 214 217 231 300 330 334 347 419 433 512 539 540 608 649 708 765 790 839 906 934 1010 1059 1113 1134 1212 1302 1337 1406
8
3 48 109 115 125 154 241 255
1
11
19
72 161 240 331 360 398 498 503 541 559 643 657 724 813 899 943 1021 1093 1105
1
75
32
93 125 143 165 183 266 332 360 421 510 526 566 646 742 771 802 854 872 920 955 1038 1052 1075 1144 1154 1254 1294 1315 1400 1466 1547 1624
9
98 148 163 243 259 353 445 449 511
3
35 44 55
25
61 90 155 202 265 343 365 396 435 508 531 591 648 736 776 862 947 1036 1123 1174 1194 1248 1344 1355 1365
25
94 190 208 212 225 255 339 416 444 491 497 546 623 668 742 793 849 931 970 1017 1084 1159 1194 1200 1277
22
11 83 99 119 152 161 229 279 292 372 403 499 555 613 707 720 779 802 859 891 964 976
17
63 73 105 142 186 275 340 389 488 577 594 665 686 711 749 771 860
13
52 89 165 226 256 344 363 415 512 514 591 651 718
3
70 168 196
25
38 130 144 180 260 342 400 500 506 553 626 673 740 764 847 889 926 938 1020 1027 1043 1121 1130 1174 1211
7
82 88 112 173 244 257 310
20
100 184 201 259 295 369 425 433 453 476 560 562 578 598 664 761 787 820 894 980
16
63 75 84 152 239 309 399 498 520 545 644 701 794 802 894 913
31
100 138 175 258 350 403 457 466 467 498 539 614 683 751 788 868 944 1000 1019 1064 1162 1231 1249 1323 1390 1465 1532 1558 1624 1709 1750
29
74 103 154 219 252 256 329 363 398 463 523 578 610 658 692 752 807 811 815 867 940 1014 1040 1131 1231 1275 1344 1361 1441
9
34 87 176 260 330 404 444 486 545
6
7 25 105 195 212 225
29
71 140 145 220 261 339 391 474 503 598 649 694 768 779 857 935 1035 1049 1096 1169 1222 1311 1394 1472 1519 1619 1676 1764 1832
9
37 127 216 257 321 402 472 539 603
6
61 75 117 203 228 300
24
76 161 223 323 360 362 444 458 558 591 613 701 801 843 867 908 991 1007 1064 1127 1164 1187 1213 1299
32
92 119 140 208 258 294 389 423 473 567 589 640 667 754 805 864 872 910 920 970 983 1033 1065 1145 1151 1197 1213 1242 1266 1267 1331 1398
7
36 70 99 171 199 213 234
9
36 59 158 180 253 310 392 454 472
23
74 141 155 160 233 244 264 317 351 423 491 591 642 645 730 761 787 851 895 993 1029 1108 1129
18
53 98 140 174 181 192 208 240 318 399 436 438 529 537 543 568 648 721
8
30 105 166 226 279 303 358 408
4
34 104 201 239
11
91 162 235 236 322 326 356 422 462 493 501
24
36 120 199 259 319 379 414 486 505 592 639 664 752 810 868 926 933 980 1004 1101 1118 1214 1311 1365
27
27 98 141 150 229 271 368 430 450 506 579 658 700 744 793 873 916 989 1057 1109 1192 1269 1327 1356 1408 1462 1560
23
3 6 55 136 210 301 342 346 430 519 584 587 632 670 703 741 774 855 925 1000 1006 1095 1174
32
65 101 169 237 279 344 410 506 574 640 716 809 818 886 982 1074 1131 1143 1238 1291 1292 1371 1461 1547 1607 1666 1678 1743 1842 1932 1936 1951
26
71 153 172 260 359 373 380 445 486 585 658 666 712 728 744 753 815 883 893 934 944 1039 1139 1159 1165 1181
27
96 115 148 221 262 277 368 396 409 465 551 580 676 712 765 820 901 970 1041 1131 1161 1251 1302 1372 1471 1516 1585
3
2 38 127
1
54
25
21 68 155 218 244 296 314 326 406 419 466 499 519 599 600 642 663 693 724 795 847 929 996 1016 1068
32
8 48 65 78 90 127 186 237 337 422 424 493 589 622 704 798 863 916 989 1006 1100 1145 1244 1320 1335 1385 1442 1523 1544 1552 1553 1581
31
17 58 69 74 125 138 142 177 191 264 346 392 398 426 489 499 599 678 681 726 755 833 844 922 1009 1053 1104 1198 1242 1272 1317
28
70 77 93 166 185 257 316 348 444 485 514 567 635 726 788 807 829 893 908 958 1051 1129 1209 1288 1309 1339 1364 1380
11
69 96 177 252 294 299 392 457 520 596 656
31
4 16 38 85 158 251 319 407 466 535 616 652 700 711 719 748 783 858 898 901 902 974 1003 1098 1174 1247 1306 1344 1392 1411 1504
20
30 96 146 201 211 228 270 339 424 446 502 587 672 688 701 720 810 814 888 979
19
2 39 89 164 259 347 421 486 518 547 594 691 769 770 829 875 917 944 975
4
34 101 201 250
3
70 109 144
11
81 90 187 204 215 238 301 351 447 527 608
21
78 107 161 239 326 426 497 562 644 682 781 881 970 1069 1099 1158 1247 1311 1364 1433 1458
13
37 72 143 195 279 298 381 397 492 552 596 696 733
31
99 158 257 289 386 435 466 503 551 612 707 743 819 867 924 1024 1072 1117 1203 1222 1318 1339 1428 1458 1494 1529 1618 1650 1684 1761 1827
17
36 100 116 200 265 312 332 344 403 418 517 551 565 572 658 719 771
11
31 130 174 245 274 305 310 379 393 432 478
31
23 104 199 237 301 360 444 527 549 591 640 712 740 802 881 894 969 1051 1086 1143 1175 1205 1233 1245 1258 1290 1371 1397 1419 1445 1502
20
58 61 143 164 177 194 249 283 294 298 355 393 410 497 499 542 610 698 798 850
6
27 90 120 130 173 180
16
20 83 110 187 252 260 357 434 459 463 525 612 619 690 714 789
17
25 43 120 184 201 229 310 405 495 557 613 698 767 854 910 993 1007
25
100 173 254 282 331 415 457 492 534 546 604 621 689 723 757 801 899 901 972 1002 1098 1111 1155 1206 1255
4
90 94 140 143
28
45 72 141 214 290 342 356 418 512 537 609 671 715 720 815 903 957 1053 1063 1099 1190 1264 1343 1436 1458 1500 1582 1608
15
36 49 133 148 229 285 375 460 481 484 514 611 685 776 816
7
85 112 196 228 317 388 462
30
49 115 151 193 293 306 335 370 395 407 408 466 485 575 669 708 801 824 911 929 942 968 1016 1065 1070 1154 1234 1327 1381 1434
26
55 125 166 262 331 384 460 516 546 633 689 776 833 931 1011 1106 1148 1202 1235 1294 1360 1419 1426 1492 1555 1645
29
7 102 151 215 264 334 339 436 475 484 556 602 640 699 752 828 843 845 852 914 957 1017 1111 1165 1242 1246 1306 1348 1366
25
38 114 161 247 287 383 439 535 627 673 677 740 783 825 898 993 1010 1050 1147 1223 1276 1367 1402 1500 1544
24
54 109 114 185 240 283 382 384 412 450 499 534 619 711 791 879 885 907 988 1019 1088 1138 1160 1177
9
74 81 140 163 166 188 264 321 348
27
64 85 182 199 247 333 350 385 455 463 477 534 547 635 673 768 776 815 831 855 918 959 1041 1114 1178 1262 1309
3
41 114 203
20
45 82 154 198 220 308 386 477 524 568 668 679 762 851 857 947 974 995 1060 1149
14
46 59 136 166 225 292 314 397 405 482 509 605 705 776
14
39 87 147 184 227 238 285 310 409 413 479 556 633 663
9
90 166 196 262 319 407 491 521 544
11
58 107 146 203 274 282 329 400 419 502 515
26
29 119 199 284 339 396 457 542 567 617 629 683 750 818 912 914 1011 1079 1124 1178 1194 1229 1291 1330 1424 1432
21
12 54 75 168 190 252 325 331 348 429 495 496 501 568 580 591 624 655 711 746 773
19
31 63 153 218 263 291 349 353 389 410 455 464 478 496 566 652 676 762 780
1
38
14
8 9 93 185 216 255 333 342 355 363 403 406 430 466
30
33 72 142 196 279 357 424 425 524 528 604 641 662 730 756 850 925 952 1030 1049 1106 1174 1270 1288 1321 1377 1386 1421 1452 1497
4
64 147 184 253
2
14 101
6
65 155 200 253 315 327
10
55 94 98 182 191 204 208 264 294 330
7
90 112 206 240 329 386 455
6
25 111 202 265 320 327
4
51 110 123 137
1
19
4
92 147 159 163
14
68 153 198 228 303 321 344 352 410 441 517 552 559 572
10
69 88 172 244 313 356 392 427 458 513
10
22 83 133 159 229 298 308 374 424 460
23
73 169 209 264 287 314 376 412 416 498 552 639 693 768 797 886 895 954 1049 1147 1228 1283 1382
22
76 143 162 203 220 275 350 391 441 508 603 627 720 728 787 883 925 990 1072 1167 1258 1321
19
51 124 206 254 259 295 342 404 468 481 514 518 599 686 765 786 874 919 987
7
89 164 186 270 338 424 489
18
76 155 204 230 282 312 337 393 410 481 551 631 667 669 753 769 809 823
9
27 37 93 182 280 362 424 505 555
3
97 160 234
12
11 62 141 233 309 395 404 502 557 597 682 690
27
1 48 136 177 202 251 299 365 411 492 519 597 627 653 680 725 776 782 789 791 827 926 955 976 1035 1113 1141
14
63 98 171 186 220 232 287 345 406 460 483 541 575 577
24
16 43 109 169 246 317 335 365 371 439 497 575 601 689 746 822 872 916 964 1028 1105 1116 1186 1220
31
23 32 113 169 179 199 270 358 443 525 589 596 696 790 802 869 872 913 1006 1048 1146 1166 1257 1298 1317 1323 1340 1369 1444 1446 1498
21
62 146 151 222 225 252 262 301 310 384 429 437 456 512 538 611 707 777 792 837 926
17
85 92 155 156 192 281 336 375 413 429 451 493 532 556 624 672 734
20
73 131 166 209 222 283 299 359 389 471 476 547 637 726 803 855 897 909 950 1046
18
30 41 64 135 184 282 372 421 432 450 471 539 543 607 639 655 686 778
22
64 112 180 233 321 365 422 451 459 508 584 593 671 710 794 842 881 962 1051 1138 1230 1236
4
11 21 44 87
25
53 139 213 229 262 303 371 443 480 504 557 601 673 701 705 706 724 811 859 916 984 1073 1116 1127 1221
10
21 76 152 167 199 227 327 384 479 563
6
15 71 105 195 255 284
10
39 71 85 142 161 223 288 326 376 383
32
95 156 176 178 214 249 334 350 384 425 435 505 595 671 748 823 889 925 980 1059 1133 1220 1312 1394 1451 1456 1502 1596 1602 1607 1700 1701
9
12 66 118 216 254 273 305 335 416
21
72 128 157 255 276 340 393 444 533 572 615 686 733 780 796 888 941 961 1045 1050 1086
7
58 98 143 190 200 276 304
6
80 131 229 237 286 304
23
1 70 81 172 235 268 305 314 315 343 356 428 491 508 568 577 603 702 755 779 839 919 971
22
59 113 160 178 180 196 236 290 326 329 373 423 458 490 549 636 647 670 729 802 842 860
30
17 85 171 212 291 357 401 429 505 602 628 722 773 867 952 956 1037 1124 1172 1203 1277 1356 1397 1457 1499 1562 1632 1646 1700 1739
11
71 129 214 225 262 264 270 286 363 365 459
2
52 139
27
56 75 120 175 224 242 327 368 398 424 428 479 571 628 670 760 787 886 960 1049 1136 1211 1305 1308 1312 1360 1408
1
51
22
83 141 145 173 185 190 287 336 381 459 533 633 662 679 736 758 765 800 820 852 928 987
19
21 34 96 164 224 310 381 426 447 475 575 623 715 719 815 855 856 930 995
8
54 136 144 219 259 354 400 471
6
4 33 123 139 229 239
7
28 108 131 179 238 261 356
18
26 68 157 183 198 204 282 302 389 474 568 594 673 765 813 913 960 1037
2
15 81
19
41 134 216 280 372 412 498 536 578 641 721 751 792 886 973 991 1057 1130 1184
15
50 135 137 187 271 320 346 371 434 477 504 507 595 655 673
11
52 55 72 165 183 231 305 363 404 465 540
18
85 113 182 269 333 403 439 487 505 566 590 670 725 728 763 805 867 919
9
65 72 113 170 246 334 417 450 530
27
59 97 176 214 220 285 287 362 414 463 508 520 544 620 639 665 675 687 727 741 825 881 953 977 990 1037 1100
27
31 74 115 204 284 355 381 418 454 533 596 635 714 721 772 775 858 879 959 1003 1035 1106 1163 1179 1206 1286 1377
23
26 32 69 125 173 202 298 377 476 498 513 599 651 680 705 736 772 799 884 954 1001 1065 1078
30
35 57 102 163 164 252 255 282 375 414 448 540 607 637 707 772 775 811 814 868 932 959 1043 1094 1147 1215 1235 1286 1370 1403
28
18 72 97 127 181 245 277 309 365 387 453 500 540 587 655 711 760 763 821 823 841 877 915 984 1072 1129 1217 1307
20
72 142 151 176 270 360 391 448 521 535 599 693 724 786 819 896 925 966 991 1074
2
79 179
2
68 136
29
24 32 95 159 238 270 294 350 427 441 527 612 698 797 845 877 907 968 984 1042 1131 1187 1270 1341 1347 1360 1382 1421 1501
18
63 66 115 192 210 237 245 287 369 405 460 479 499 591 661 680 755 806
15
91 99 118 216 306 395 398 452 463 556 589 641 697 785 885
16
57 135 227 325 337 416 420 450 501 549 600 669 691 692 792 804
13
18 80 130 189 253 257 278 335 423 495 559 586 609
3
84 136 226
9
63 132 169 214 233 317 412 451 508
8
38 59 115 123 205 210 276 321
24
86 139 187 196 264 338 421 436 445 479 535 577 626 702 780 825 871 884 975 1060 1129 1215 1289 1378
9
81 103 201 299 318 375 410 481 485
31
91 121 198 255 293 356 368 447 510 598 654 661 694 714 811 880 921 956 999 1080 1107 1182 1185 1209 1234 1255 1336 1395 1486 1570 1624
9
65 147 236 239 283 284 365 371 459
21
64 136 144 205 246 294 341 376 405 478 487 518 567 600 603 632 676 721 785 882 960
9
30 96 127 201 267 330 361 366 417
15
29 40 47 116 174 179 182 220 297 360 380 405 453 475 480
7
67 88 127 171 172 240 301
7
93 172 217 293 376 472 494
31
6 86 117 132 216 301 306 366 466 490 527 574 672 765 802 866 879 906 965 978 1072 1143 1238 1277 1326 1418 1432 1464 1551 1638 1732
20
66 143 153 202 263 277 337 397 435 483 541 576 617 711 761 766 838 898 968 1034
30
16 72 151 158 227 289 334 341 348 388 460 543 593 665 761 824 855 862 914 945 1010 1048 1071 1081 1120 1147 1229 1279 1327 1426
16
64 118 128 150 224 247 314 394 423 429 432 496 503 577 636 706
20
65 138 224 305 368 428 519 520 559 631 682 768 838 920 921 996 1039 1062 1110 1175
17
79 124 170 251 259 312 366 384 458 467 502 600 647 662 722 728 733
25
44 72 87 169 266 314 396 419 509 513 583 589 633 681 683 725 753 763 809 842 869 940 982 995 1063
4
28 108 153 185
28
41 53 111 133 193 198 253 336 382 441 493 496 550 602 606 653 684 749 841 905 949 963 968 1024 1106 1150 1233 1246
16
67 71 151 229 242 295 332 401 409 428 442 460 483 551 574 648
15
70 74 162 175 194 225 252 327 413 473 491 512 584 594 633
15
41 57 96 190 194 201 254 277 349 419 516 555 599 621 682
13
77 125 203 299 329 385 455 523 538 578 666 704 753
26
64 105 198 252 338 434 446 484 554 637 696 714 787 790 829 914 981 997 1082 1126 1189 1203 1302 1334 1367 1432
19
72 74 145 194 211 275 316 386 435 524 557 644 654 721 818 846 885 984 1002
4
66 99 159 220
7
25 37 116 174 202 203 232
14
72 150 248 335 405 425 460 470 522 595 667 686 756 855
9
20 36 120 157 158 253 351 398 418
13
25 54 94 120 177 198 247 333 352 387 395 433 502
29
89 183 223 230 293 383 399 481 487 538 557 615 661 729 733 798 878 907 952 971 1025 1078 1118 1172 1211 1221 1309 1407 1454
24
18 105 106 164 210 225 272 285 382 386 449 516 577 585 671 736 760 825 918 986 1021 1119 1140 1166
7
11 46 136 144 225 274 299
20
50 84 149 165 246 323 335 419 510 540 585 684 751 812 834 865 870 912 930 932
14
43 47 119 197 242 273 283 328 335 416 510 551 596 658
25
73 146 154 218 273 325 339 360 424 511 515 583 611 632 653 742 757 833 845 937 957 999 1053 1118 1119
22
10 51 82 153 218 221 317 389 407 409 485 568 642 681 751 828 835 932 981 1008 1046 1110
23
49 56 130 173 185 275 318 364 416 451 479 553 652 734 755 825 925 947 992 1074 1170 1254 1257
4
42 142 215 235
5
88 162 199 245 345
31
10 99 172 227 319 326 360 426 431 446 484 511 525 585 656 704 711 717 767 797 844 845 899 918 1007 1100 1192 1270 1361 1452 1460
24
32 113 119 194 233 272 364 408 461 491 513 532 573 665 731 778 828 895 923 1019 1039 1121 1187 1247
2
58 95
32
100 197 212 295 324 344 402 469 527 528 590 601 631 714 743 813 888 934 1002 1026 1038 1134 1205 1288 1365 1454 1497 1499 1597 1628 1646 1743
3
32 64 71
24
41 115 124 165 200 271 294 364 463 507 603 647 659 730 738 745 838 928 963 1044 1128 1164 1242 1309
1
27
9
37 95 147 187 285 362 462 552 615
23
12 44 113 169 196 261 280 329 353 378 420 485 496 518 567 665 717 784 787 865 876 967 1002
26
82 166 256 337 410 415 466 503 591 663 755 822 910 920 935 946 1032 1088 1163 1259 1289 1364 1457 1538 1579 1626
10
4 41 133 150 168 195 254 305 404 467
25
35 37 113 191 259 322 361 444 469 493 583 635 706 725 803 867 966 985 1047 1103 1177 1276 1375 1465 1533
13
100 170 246 260 283 293 309 407 447 530 543 621 638
13
2 9 49 73 98 168 255 331 371 372 455 468 567
22
54 72 82 136 176 261 280 342 389 423 434 520 589 664 679 716 780 796 839 894 934 954
16
78 125 188 266 295 370 398 412 441 539 563 597 634 642 694 744
10
38 98 189 247 282 288 334 384 457 498
28
64 76 104 198 256 346 369 407 424 427 479 576 628 703 733 821 855 888 977 1017 1039 1139 1221 1252 1286 1325 1354 1389
32
69 108 135 215 233 305 342 401 496 522 597 646 723 794 894 897 949 988 1025 1062 1089 1165 1175 1201 1258 1351 1363 1459 1480 1526 1585 1674
8
37 105 158 219 275 287 294 327
6
55 65 74 128 192 204
20
100 148 218 245 255 350 386 388 446 529 551 555 596 658 697 726 755 799 888 924
15
95 115 207 208 237 289 343 388 452 549 593 656 722 793 865
13
58 83 153 193 239 264 296 303 319 379 466 525 526
10
65 112 206 214 262 336 396 449 467 490
14
14 51 70 106 115 146 239 272 325 357 388 465 528 617
20
74 150 152 226 227 245 266 312 338 358 378 463 535 624 683 756 758 853 945 1034
23
74 155 195 221 233 255 310 336 346 444 544 581 633 658 748 769 814 849 895 911 917 999 1087
31
40 52 100 187 242 279 372 401 418 502 508 589 594 606 612 627 637 694 697 710 792 884 917 995 1022 1053 1147 1179 1191 1224 1302
4
44 70 112 211
30
86 165 195 265 301 311 385 433 501 541 550 574 669 690 695 781 786 869 933 1020 1096 1144 1195 1203 1228 1234 1237 1239 1286 1339
15
32 115 208 261 280 334 361 427 448 466 540 585 597 643 692
18
2 85 150 239 249 261 300 317 406 502 574 664 706 730 735 760 767 864
30
77 79 135 177 200 225 292 311 400 412 431 521 534 536 590 643 654 720 763 843 849 887 890 985 1016 1042 1141 1149 1233 1280
29
60 109 153 206 229 297 316 357 365 395 406 503 598 662 713 760 787 855 897 903 976 1055 1115 1182 1192 1277 1295 1312 1333
4
53 85 149 245
25
86 101 156 234 257 294 383 402 433 437 458 487 517 557 627 714 726 775 821 852 862 945 993 1071 1074
15
82 168 195 272 294 358 401 478 520 537 550 632 720 815 900
28
75 142 190 235 288 299 344 443 484 538 571 611 694 729 732 796 868 897 989 1083 1175 1209 1231 1316 1367 1453 1519 1557
32
3 100 106 175 271 321 394 401 447 470 517 616 671 710 743 832 873 969 982 1003 1090 1148 1160 1233 1312 1409 1484 1548 1562 1574 1621 1689
4
52 140 196 198
25
14 61 144 156 254 292 342 372 450 540 618 708 718 734 781 855 943 1020 1042 1104 1196 1283 1308 1346 1401
13
90 132 224 267 269 274 315 352 368 406 480 498 518
23
7 56 101 170 234 277 319 371 391 406 471 482 483 525 574 629 707 797 846 867 899 901 978
4
38 82 144 207
13
33 99 119 200 210 298 342 394 475 522 545 640 652
26
47 52 138 140 222 297 299 301 359 362 392 473 514 587 629 632 666 692 712 765 771 852 944 946 1031 1103
16
7 25 36 128 192 207 284 301 349 352 370 371 431 452 482 523
9
3 37 52 140 200 235 275 292 359
15
18 69 123 141 199 270 298 299 333 428 458 461 503 535 555
19
44 84 108 144 196 274 343 362 427 507 512 568 665 736 822 888 910 949 1032
11
61 124 155 202 259 319 368 418 462 530 574
15
60 80 102 165 214 256 289 303 325 362 431 501 561 568 655
17
97 167 230 240 272 365 421 461 466 470 511 559 582 667 701 735 791
27
97 101 149 230 299 320 338 428 518 547 643 672 733 777 875 898 951 1032 1099 1159 1231 1302 1365 1377 1395 1433 1481
7
71 74 83 150 209 266 314
15
29 46 62 133 230 293 392 449 508 604 683 694 722 819 842
11
68 153 215 252 326 388 480 525 541 641 704
2
8 70
17
89 167 235 294 368 451 508 590 631 635 647 650 733 742 767 800 828
2
94 158
31
7 14 93 116 175 217 313 331 386 434 440 473 541 605 663 713 733 825 867 890 893 989 994 1005 1026 1063 1101 1135 1218 1272 1292
29
60 111 174 244 336 395 483 529 587 680 710 787 844 884 962 990 1021 1040 1091 1124 1191 1198 1294 1333 1429 1514 1586 1616 1654
31
70 120 161 246 265 349 444 450 532 584 635 698 779 786 840 898 932 1016 1045 1081 1150 1245 1340 1356 1389 1431 1531 1587 1658 1696 1742
16
39 78 154 211 285 355 370 377 451 516 586 640 663 738 749 757
15
91 187 266 351 441 487 504 535 580 604 657 691 713 809 881
24
72 153 238 331 378 470 536 599 612 683 768 855 889 981 1078 1102 1141 1168 1177 1205 1277 1354 1364 1381
13
14 16 38 48 74 107 140 146 163 188 192 252 295
6
72 85 135 146 192 285
31
22 54 140 170 181 190 248 321 398 456 542 621 652 699 703 766 845 906 938 994 1058 1149 1247 1328 1343 1405 1487 1564 1624 1698 1733
5
57 129 191 211 292
27
92 101 130 159 198 257 333 427 501 507 561 618 679 748 795 805 806 819 843 925 1014 1049 1057 1133 1200 1216 1263
28
35 114 212 290 378 404 463 541 578 664 736 746 837 914 980 984 1030 1094 1159 1205 1282 1322 1402 1419 1493 1580 1672 1764
22
91 110 199 268 285 351 359 453 477 515 545 554 563 602 654 739 795 802 884 904 927 1007
20
63 122 138 226 323 383 463 561 611 661 747 817 835 839 869 881 908 975 1016 1104
19
32 123 134 221 270 363 421 492 516 521 606 640 713 786 816 848 852 879 912
29
65 67 90 158 241 275 321 370 444 529 604 609 684 722 814 889 971 1020 1066 1071 1077 1159 1197 1275 1281 1348 1409 1418 1463
13
14 23 117 153 181 210 231 305 382 476 534 538 589
9
93 187 246 320 362 418 448 547 585
15
28 71 108 196 200 281 361 378 420 446 450 519 573 649 743
18
69 121 158 177 265 294 358 404 406 464 518 601 657 748 749 833 866 955
23
88 110 113 169 232 312 371 454 487 573 650 664 719 799 850 875 942 973 1062 1126 1211 1257 1274
7
53 112 132 220 264 272 283
31
29 94 181 224 320 417 495 523 606 660 753 842 927 1022 1035 1086 1112 1165 1231 1241 1291 1326 1402 1405 1498 1545 1587 1623 1678 1682 1749
7
68 73 151 214 215 270 312
3
60 95 118
4
81 169 215 221
12
63 78 120 217 260 356 446 535 572 649 744 785
3
30 90 189
3
75 175 188
20
34 58 60 69 136 219 315 379 419 506 532 587 615 690 739 762 826 863 923 963
16
52 87 148 159 244 263 300 384 467 520 590 596 602 632 656 696
17
39 119 130 146 232 271 361 395 408 413 435 507 604 609 684 767 832
22
67 102 124 175 192 218 290 364 448 449 546 621 698 785 791 830 833 924 953 1045 1121 1163
1
50
21
45 99 139 166 237 314 407 412 462 557 631 659 677 776 787 857 905 942 988 1022 1065
9
36 121 134 214 227 233 261 323 394
4
15 25 123 160
2
90 132
15
85 152 166 168 185 261 333 397 410 479 577 632 685 770 809
10
64 115 138 229 293 386 448 479 533 544
19
43 44 104 134 171 249 292 382 477 548 609 667 750 832 839 876 910 954 981
15
59 89 115 165 258 328 391 414 490 564 654 672 698 747 794
22
27 69 120 193 205 269 351 397 442 531 613 643 727 787 820 862 951 961 1004 1086 1117 1123
24
6 37 134 210 266 312 386 455 479 546 565 661 691 725 802 877 907 924 980 1040 1140 1156 1200 1294
16
5 41 78 113 154 199 292 315 356 376 454 492 585 631 644 704
1
8
9
2 39 103 135 140 211 302 359 397
14
50 144 234 271 353 429 507 585 653 705 724 811 841 897
32
27 96 139 234 262 293 342 358 404 484 557 626 648 729 787 794 876 879 927 945 1030 1105 1152 1214 1257 1356 1388 1469 1549 1637 1701 1759
32
6 59 146 235 288 291 325 357 384 438 443 450 462 525 613 627 637 642 692 776 828 892 970 972 1067 1078 1159 1193 1267 1305 1346 1378
26
80 100 194 228 281 358 418 477 558 624 694 737 742 825 829 838 923 1011 1023 1071 1088 1101 1143 1222 1267 1295
1
83
4
36 112 211 266
14
32 91 189 280 297 376 384 470 491 503 524 601 674 679
20
84 88 120 169 214 225 318 342 357 384 428 478 481 523 579 603 677 691 712 776
19
51 123 191 215 250 338 438 445 489 504 547 594 640 731 775 783 818 885 959
2
10 85
16
52 82 121 198 242 253 293 319 381 444 537 574 624 657 693 749
32
50 148 223 270 310 380 435 510 546 626 714 812 867 870 871 907 1000 1077 1108 1163 1231 1239 1307 1390 1391 1395 1427 1460 1499 1538 1598 1638
21
86 173 201 256 349 403 446 518 559 651 729 824 916 982 1021 1041 1089 1183 1222 1278 1339
9
8 73 129 169 224 319 370 465 500
13
81 143 186 211 279 364 412 472 548 626 681 700 743
21
90 132 170 199 296 347 400 404 419 428 523 544 599 645 712 801 835 934 936 1012 1035
9
13 84 165 205 253 288 347 389 468
8
83 152 232 264 283 316 351 384
21
30 35 82 109 181 268 280 350 438 525 618 627 678 693 782 873 887 962 963 970 975
8
89 162 242 262 353 365 372 447
20
36 116 118 132 135 223 248 320 347 410 426 461 475 557 632 688 783 784 840 841
6
55 97 127 161 174 247
25
19 66 118 124 202 255 274 354 394 489 493 512 570 641 694 717 722 802 880 979 1011 1096 1148 1237 1276
13
19 44 101 144 217 293 382 407 488 507 536 588 638
1
46
13
39 42 118 161 238 318 392 398 428 434 524 557 651
5
77 141 146 232 238
29
61 108 113 206 271 305 349 363 417 507 526 570 614 660 746 767 844 904 930 936 953 1021 1112 1174 1222 1289 1367 1419 1471
11
80 144 225 262 319 416 486 538 601 676 717
5
18 103 181 236 293
22
66 100 159 193 194 195 291 339 359 432 483 506 565 596 683 723 742 837 925 1013 1059 1109
10
87 117 148 171 230 267 298 310 313 377
15
36 101 124 207 271 313 320 335 400 466 563 566 623 638 735
28
2 96 190 205 285 360 457 511 545 578 662 707 794 894 961 1036 1100 1190 1247 1274 1357 1421 1462 1509 1590 1679 1728 1765
3
97 177 181
3
73 143 165
24
66 142 175 226 237 266 355 365 461 524 549 586 658 662 681 768 864 882 949 1034 1100 1103 1190 1205
2
43 48
7
12 38 96 126 179 269 349
12
70 138 163 228 311 313 366 420 425 449 489 541
21
58 94 152 212 287 359 452 521 597 648 728 782 790 851 857 906 998 1019 1038 1098 1196
11
94 193 233 280 335 398 436 442 497 592 686
32
6 26 62 112 200 263 264 331 347 407 435 509 518 589 683 762 792 883 896 971 1012 1064 1085 1180 1246 1256 1257 1277 1333 1379 1411 1472
13
19 82 134 215 278 296 393 467 564 586 668 736 751
8
49 107 132 208 258 286 334 379
10
58 155 220 233 275 323 349 355 421 509
5
47 49 75 170 245
19
16 25 119 201 221 315 406 502 571 612 688 705 790 811 837 918 1003 1093 1115
21
15 94 144 198 233 329 336 348 438 472 558 615 657 688 727 740 765 794 803 848 917
32
61 114 170 256 341 381 457 463 487 529 565 639 687 757 778 832 866 877 964 1035 1102 1182 1184 1241 1334 1412 1498 1551 1573 1627 1715 1750
23
43 63 106 140 187 188 246 287 323 406 494 552 555 648 739 804 836 897 981 992 1006 1046 1101
15
25 32 97 128 174 273 362 450 520 603 625 694 777 808 817
23
13 61 141 156 196 218 250 321 355 370 452 500 554 642 732 763 810 864 877 969 973 974 1054
22
35 88 182 252 335 389 429 476 477 496 557 597 637 681 744 769 827 871 943 1007 1090 1104
10
29 48 54 75 98 156 256 356 448 452
25
61 147 245 297 381 479 501 597 686 699 739 790 828 925 971 1032 1092 1121 1195 1200 1257 1350 1360 1389 1456
15
80 146 157 240 250 273 293 300 327 330 386 434 533 577 590
22
95 97 183 275 337 383 403 439 489 518 598 610 667 713 743 780 791 883 954 974 989 1080
26
93 138 171 263 306 334 338 370 392 397 415 481 500 515 552 558 622 687 772 799 873 903 960 1022 1062 1110
12
11 25 99 187 193 212 284 334 395 494 547 592
1
10
10
38 118 194 268 353 444 483 552 570 634
18
26 51 140 165 221 320 359 389 427 523 623 632 677 737 744 794 850 929
15
69 137 179 275 317 343 382 414 460 516 611 706 739 758 841
1
26
9
47 54 76 119 125 155 194 212 300
12
73 92 94 136 222 265 354 381 449 476 534 547
2
4 11
18
22 63 86 186 211 280 286 332 395 407 482 484 513 528 621 674 707 802
18
18 55 90 187 192 253 259 328 423 433 461 521 552 620 702 784 877 880
28
90 155 254 319 337 416 447 458 489 504 509 586 670 763 774 854 951 1022 1108 1126 1143 1190 1235 1312 1389 1453 1463 1474
24
64 162 260 289 385 399 497 523 619 627 683 693 757 841 934 991 1085 1158 1163 1180 1190 1212 1245 1301
26
61 145 179 202 296 389 475 566 608 674 712 767 831 846 848 871 942 953 992 1046 1050 1145 1245 1273 1324 1392
21
25 125 169 263 276 355 382 469 494 566 638 705 718 808 813 833 886 957 978 1005 1046
4
65 112 199 210
30
14 76 141 195 281 297 394 473 501 528 586 600 651 680 718 736 777 804 878 938 969 1013 1046 1055 1092 1108 1182 1265 1267 1303
24
67 164 260 280 362 373 441 454 545 591 661 717 814 912 1005 1019 1109 1180 1219 1221 1274 1356 1390 1452
26
1 88 140 142 164 247 267 286 316 407 459 500 558 622 653 656 741 827 878 960 991 1007 1031 1032 1086 1111
26
88 98 165 222 232 237 298 361 387 482 564 660 685 757 805 870 951 1014 1061 1096 1144 1228 1314 1395 1409 1410
16
67 74 106 178 272 313 351 401 403 445 507 571 590 647 744 759
1
68
14
97 197 225 320 355 382 460 480 488 580 600 615 673 699
27
29 100 139 157 230 271 330 364 368 397 487 488 531 553 573 629 699 719 755 819 873 935 977 1002 1071 1104 1200
28
42 116 198 268 312 332 371 387 447 496 546 562 639 730 798 818 831 918 945 979 1037 1099 1197 1260 1284 1323 1410 1454
31
83 114 130 186 198 235 286 370 445 512 607 630 698 708 807 817 846 916 990 1058 1107 1115 1140 1202 1207 1247 1284 1379 1405 1438 1507
8
63 99 114 141 213 231 241 287
12
4 24 79 145 215 279 325 417 455 468 508 605
10
53 106 135 225 324 330 404 471 537 573
6
32 94 119 168 191 213
12
79 120 158 254 264 318 359 360 451 457 549 588
19
97 188 263 301 390 422 433 440 537 635 695 724 784 868 945 979 984 997 1061
5
50 109 115 118 170
11
45 102 104 187 242 292 317 398 485 498 510
5
71 80 175 205 242
2
65 130
15
21 98 153 170 197 262 337 418 434 519 597 621 707 767 845
28
37 95 169 218 288 311 383 413 482 483 549 575 593 623 639 677 684 706 761 846 933 962 979 981 994 1088 1114 1164
14
55 92 134 147 210 252 286 371 384 447 500 514 594 624
23
9 54 122 189 256 330 381 434 436 504 510 576 589 672 688 706 744 748 807 809 875 876 963
2
13 62
22
78 106 141 149 237 269 297 304 402 403 412 414 469 497 556 576 617 659 746 804 883 926
1
32
16
69 87 149 230 248 267 278 375 429 499 535 620 717 759 793 843
11
87 143 221 266 341 359 445 459 487 503 559
4
99 114 178 194
8
96 181 228 234 315 367 443 460
32
24 82 103 176 236 243 323 361 412 467 474 563 583 617 673 700 729 784 877 969 991 1012 1100 1159 1178 1223 1262 1332 1352 1359 1416 1460
21
77 145 221 304 352 417 502 556 628 701 726 731 812 863 897 984 1027 1052 1112 1127 1191
30
33 42 51 53 133 148 206 281 364 450 545 604 672 766 789 842 889 983 1060 1083 1182 1239 1312 1396 1439 1506 1514 1517 1599 1623
4
66 98 178 246
15
95 172 258 335 398 478 565 647 672 734 768 839 894 905 950
29
19 36 124 138 173 221 237 253 324 363 445 447 466 467 531 596 625 626 719 762 794 874 951 1007 1048 1058 1136 1183 1255
26
52 95 185 276 332 357 395 418 510 570 631 656 669 748 773 850 893 899 928 964 1064 1125 1192 1268 1336 1343
10
98 103 112 131 187 238 299 398 456 493
4
80 108 156 197
5
60 79 108 144 158
6
17 18 104 133 200 261
28
25 123 216 245 304 368 405 466 490 525 544 556 578 676 715 784 822 865 894 903 927 943 1017 1026 1058 1084 1130 1142
8
7 15 83 139 191 239 253 320
8
75 117 187 280 333 377 419 463
20
32 118 210 302 363 423 488 558 601 691 706 761 794 867 881 933 962 1027 1126 1220
12
35 55 80 136 200 278 377 383 404 467 504 562
6
80 99 116 212 252 312
25
6 20 89 168 247 319 378 473 543 595 621 677 749 752 764 799 879 941 1033 1133 1209 1289 1298 1380 1439
